Radius(km)     Mass (Solar Mass)  Enthalpy   
0.210148168809,9.31480216632e-05,0.196673023904
0.64043681799,0.00169914845979,0.194706293665,
0.897187054013,0.00405607055639,0.192739563426,
1.10010173363,0.00702131361329,0.190772833187,
1.27419528308,0.0104972346045,0.188806102948,
1.42949488221,0.0144201930176,0.186839372709,
1.57125855491,0.0187433530549,0.18487264247,
1.70266545416,0.0234299586597,0.182905912231,
1.82581795937,0.0284499831884,0.180939181992,
1.94219504966,0.0337781966117,0.178972451753,
2.05288543871,0.0393929447695,0.177005721514,
2.15871892292,0.0452753293557,0.175038991275,
2.26034564018,0.0514086316055,0.173072261036,
2.35828652762,0.0577778928165,0.171105530797,
2.45296685541,0.0643696002881,0.169138800557,
2.54473931432,0.0711714466238,0.167172070318,
2.63390038814,0.0781721415729,0.165205340079,
2.72070225942,0.0853612624137,0.16323860984,
2.80536165639,0.0927291331991,0.161271879601,
2.88806655182,0.100266726004,0.159305149362,
2.96898132003,0.10796557921,0.157338419123,
3.04825076559,0.115817729169,0.155371688884,
3.12600331202,0.123815652498,0.153404958645,
3.20235355557,0.131952216911,0.151438228406,
3.27740433237,0.140220638998,0.149471498167,
3.35124840799,0.14861444767,0.147504767928,
3.42396987066,0.157127452291,0.145538037689,
3.49564528956,0.165753714707,0.14357130745,
3.56634468499,0.174487524533,0.141604577211,
3.63613234671,0.183323377173,0.139637846972,
3.70506752876,0.19225595417,0.137671116733,
3.77320504285,0.201280105511,0.135704386494,
3.84059576829,0.210390833616,0.133737656255,
3.90728709226,0.21958327876,0.131770926016,
3.97332329219,0.228852705719,0.129804195777,
4.03874586932,0.238194491472,0.127837465538,
4.1035938411,0.247604113806,0.125870735299,
4.16790399865,0.257077140693,0.12390400506,
4.23171113457,0.266609220334,0.121937274821,
4.29504824518,0.276196071764,0.119970544581,
4.3579467111,0.285833475932,0.118003814342,
4.42043645889,0.295517267188,0.116037084103,
4.48254610662,0.305243325098,0.114070353864,
4.54430309527,0.315007566527,0.112103623625,
4.60573380807,0.324805937936,0.110136893386,
4.66686367927,0.334634407835,0.108170163147,
4.72771729364,0.344488959342,0.106203432908,
4.78831847815,0.354365582813,0.104236702669,
4.84869038657,0.364260268474,0.10226997243,
4.90885557817,0.374168999032,0.100303242191,
4.96883609119,0.384087742214,0.098336511952,
5.02865351176,0.394012443191,0.096369781713,
5.08832903914,0.403939016838,0.0944030514739,
5.14788354756,0.413863339795,0.0924363212349,
5.20733764544,0.423781242278,0.0904695909959,
5.26671173227,0.433688499589,0.0885028607568,
5.32602605382,0.443580823282,0.0865361305178,
5.38530075587,0.453453851925,0.0845694002787,
5.44455593706,0.463303141401,0.0826026700397,
5.50381170107,0.47312415469,0.0806359398007,
5.56308820864,0.482912251066,0.0786692095616,
5.62240572976,0.492662674624,0.0767024793226,
5.68178469632,0.502370542078,0.0747357490835,
5.74124575568,0.512030829719,0.0727690188445,
5.80080982558,0.521638359452,0.0708022886055,
5.86049815063,0.531187783802,0.0688355583664,
5.92033236098,0.540673569755,0.0668688281274,
5.98033453348,0.550089981321,0.0649020978883,
6.04052725591,0.559431060648,0.0629353676493,
6.10093369478,0.568690607534,0.0609686374103,
6.16157766718,0.57786215713,0.0590019071712,
6.2224837175,0.586938955633,0.0570351769322,
6.28367719957,0.595913933708,0.0550684466931,
6.34518436508,0.604779677369,0.0531017164541,
6.40703245911,0.613528396002,0.0511349862151,
6.46924982398,0.622151887147,0.049168255976,
6.53186601224,0.630641497635,0.047201525737,
6.59491191042,0.638988080596,0.0452347954979,
6.65841987492,0.647181947753,0.0432680652589,
6.72242388177,0.655212816386,0.0413013350198,
6.78695969237,0.663069750175,0.0393346047808,
6.85206503749,0.670741093062,0.0373678745418,
6.91777982237,0.678214395072,0.0354011443027,
6.98414635611,0.685476328879,0.0334344140637,
7.05120960922,0.692512595668,0.0314676838246,
7.11901750387,0.699307818565,0.0295009535856,
7.18762124228,0.705845421582,0.0275342233466,
7.25707567977,0.712107491617,0.0255674931075,
7.32743975023,0.718074620521,0.0236007628685,
7.39877695367,0.723725723641,0.0216340326294,
7.47115591726,0.729037830432,0.0196673023904,
7.54465104414,0.733985841746,0.0177005721514,
7.61934326758,0.738542247122,0.0157338419123,
7.69532093225,0.742676793797,0.0137671116733,
7.77268083,0.74635609703,0.0118003814342,
7.85152942464,0.749543178604,0.0098336511952,
7.93198430984,0.752196916767,0.00786692095616,
8.01417595685,0.754271386059,0.00590019071712,
8.09824982569,0.755715059023,0.00393346047808,
8.18436893664,0.756469832989,0.00196673023904,
8.27271703118,0.756469832989,2.48932818803e-16,
8.36350249587,0.755639924815,-0.00196673023904,
