Enthalpy   Pressure(1/km2)   Energy (1/km2)
2.3295       0.0461088        0.0454152
2.04688       0.0268699        0.0279305
1.77294       0.0156583        0.01757
1.51142       0.00912487        0.0114064
1.26593       0.0053175        0.00757734
1.03989       0.00309877        0.00520048
0.837341       0.0018058        0.00370467
0.661245       0.00105233        0.00271705
0.512596       0.000613242        0.0020436
0.390915       0.000357366        0.00157471
0.294289       0.000208254        0.00123694
0.219541       0.000121359        0.000984424
0.162937       7.07222e-05        0.000791255
0.120823       4.12132e-05        0.000640851
0.0897382       2.4017e-05        0.000520122
0.0681829       1.39958e-05        0.000473085
0.0542928       8.15606e-06        0.000430366
0.0448947       4.75292e-06        0.00035254
0.0379187       2.76976e-06        0.000268727
0.0325178       1.61407e-06        0.000201588
0.0282604       9.40595e-07        0.000147514
0.0248579       5.48132e-07        0.000107626
0.0221217       3.19423e-07        7.75698e-05
0.0198945       1.86143e-07        5.52624e-05
0.0180635       1.08474e-07        3.90408e-05
0.0165477       6.32133e-08        2.74221e-05
0.0152868       3.68374e-08        1.91756e-05
0.014233       2.1467e-08        1.33374e-05
0.0133471       1.25099e-08        9.21332e-06
0.012596       7.29008e-09        6.29677e-06
0.01195       4.24828e-09        4.21999e-06
0.0113795       2.47568e-09        2.72668e-06
0.0108481       1.4427e-09        1.62689e-06
0.0102754       8.40728e-10        7.84111e-07
0.00943293       4.89934e-10        2.77712e-07
0.0083961       2.85508e-10        1.75958e-07
0.00744469       1.66379e-10        1.07311e-07
0.00656527       9.69572e-11        7.03635e-08
0.00579465       5.65016e-11        4.70212e-08
0.00510545       3.29262e-11        2.99326e-08
0.00448975       1.91877e-11        2.00397e-08
0.00394186       1.11816e-11        1.28202e-08
0.00345257       6.51606e-12        8.56561e-09
0.00302419       3.79722e-12        5.65021e-09
0.00264136       2.21283e-12        3.65713e-09
0.002303       1.28952e-12        2.46102e-09
0.00200922       7.51466e-13        1.6441e-09
0.0017559       4.37915e-13        1.11405e-09
0.00152357       2.55194e-13        6.68564e-10
0.00131007       1.48714e-13        4.53285e-10
0.00112752       8.66631e-14        3.06291e-10
0.000966447       5.05027e-14        1.97983e-10
0.000822431       2.94303e-14        1.31007e-10
0.000697705       1.71504e-14        8.94568e-11
0.000590797       9.9944e-15        6.03964e-11
0.000498594       5.82422e-15        4.08974e-11
0.000419373       3.39406e-15        2.77889e-11
0.000351553       1.97788e-15        1.89538e-11
0.000293691       1.1526e-15        1.29803e-11
0.000244891       6.71679e-16        9.03605e-12
0.000203723       3.9142e-16        6.1687e-12
0.000168034       2.28099e-16        4.10205e-12
0.000137345       1.32924e-16        2.84853e-12
0.000111961       7.74613e-17        2.02903e-12
9.11297e-05       4.51405e-17        1.43314e-12
7.39495e-05       2.63055e-17        1.01421e-12
5.98292e-05       1.53296e-17        7.20691e-13
4.82707e-05       8.93328e-18        5.14061e-13
3.88438e-05       5.20584e-18        3.67959e-13
3.11807e-05       3.03369e-18        2.64201e-13
2.49699e-05       1.76788e-18        1.90246e-13
1.99505e-05       1.03023e-18        1.37378e-13
1.5905e-05       6.00364e-19        9.94665e-14
1.2653e-05       3.49861e-19        7.2199e-14
1.00451e-05       2.03881e-19        5.25321e-14
7.95847e-06       1.18812e-19        3.82974e-14
6.29226e-06       6.9237e-20        2.79828e-14
4.96491e-06       4.03478e-20        2.04973e-14
3.91063e-06       2.35126e-20        1.50653e-14
3.07577e-06       1.37019e-20        1.10999e-14
2.41619e-06       7.98474e-21        8.19304e-15
1.89461e-06       4.65311e-21        6.02576e-15
1.48106e-06       2.71159e-21        4.42743e-15
1.15317e-06       1.58018e-21        3.25602e-15
8.93567e-07       9.20841e-22        2.39903e-15
6.88501e-07       5.3662e-22        1.77261e-15
5.27051e-07       3.12715e-22        1.31474e-15
4.00453e-07       1.82234e-22        9.79783e-16
3.01945e-07       1.06197e-22        7.38113e-16
2.26138e-07       6.18858e-23        5.61835e-16
1.68262e-07       3.60639e-23        4.29959e-16
1.24298e-07       2.10161e-23        3.30713e-16
9.10668e-08       1.22471e-23        2.55594e-16
6.60637e-08       7.13699e-24        1.98427e-16
4.73334e-08       4.15907e-24        1.5468e-16
3.33502e-08       2.42369e-24        1.20918e-16
2.29447e-08       1.4124e-24        9.48831e-17
1.52305e-08       8.23076e-25        7.47263e-17
9.53216e-09       4.79645e-25        5.90602e-17
5.33742e-09       2.79513e-25        4.68376e-17
2.26164e-09       1.62885e-25        3.72666e-17
1.11111e-21       9.49209e-26        2.52118e-16
